2303762
7136018
2616850
9283417
556778833
9455017
9439853
8478380
548709264
673192314
562165452
4096032319
681206362
537686878
4096130879
9440932
3028855929
537588669
3028806521
699915589
536872291
152096348
690481894
1142452209
2961206298
605035676
563076955
549546938
699916064
536922609
673191682
1350927071
3223307253
4246809009
4093892529
680794714
556778577
690587622
152293212
4247929525
4246908831
4246908803
4093771651
4093892144
4246908059
537179446
692633724
537728864
4246908698
537385297
537361664
4256720575
4256725695
4256654015
4256753087
4256694207
3019954309
7298128
560516688
3019954114
4102432661
1140967790
560063568
2952909094
3224406773
536889870
162590914
537188604
4106687659
4102432405
551181756
2416423187
537137713
2416423195
3221343942
604226416
538326982
552821266
699484910
549858996
564138948
538313567
2961377337
538706741
562165453
162591683
135435093
4016464
564140782
676367447
19908363
698374682
4247140788
540223541
2961750585
699795652
695364582
163410513
2961641529
537588277
4094616752
537678329
4246908426
695329510
699795325
4094612813
4246808958
548069073
9455188
2484588766
692525864
4102033717
4102057525
4093987586
4246814551
3221854197
3221299599
3562501845
4102029877
549654304
696068220
4093844518
4094063171
4244232
2486182110
699211898
4093703874
4094404699
4247949237
4256822719
4247300020
4096133296
4094247288
4483664
3028606328
699916078
7390544
2487209694
2428701413
690591206
5926224
697657461
2428711653
4246908084
137638487
2952909409
537175573
4246808594
680595595
538322296
4247179956
4095263664
4095495583
4102437525
562058718
4248036277
163454545
2425283092
142669964
2952911315
4093902244
1419644049
537246677
699473670
2952910457
699796639
4246908150
9565249
699801437
1342396045
536956230
4246908857
699803759
3221354642
537000285
4244992239
537392882
4093858804
537275643
536978029
4093858699
4093891912
537169064
537664596
699796685
536968119
2483093806
673293986
699918358
9453304
536987565
3019953397
539011192
699829695
699918128
699917040
4246908740
537709362
699808362
2483152606
26192
