1839111625
1842436553
1838830793
4218951734
3365183438
1831731058
1831710902
4218741187
3708229993
1402454965
3359288403
2596544
1395505301
3720301601
2498496
1831711871
1221543062
3719915720
1220543382
436925
3719544730
648769667
9870622
2956708638
1152095717
3544956003
2352005236
3715257541
436440
3719516804
1402457549
2781248288
1059092762
8705758
14158
1394851989
3365183182
10022942
648573315
9944538
8868064
8868092
149210
14031
8868836
3719813761
16587282
3720276651
8867941
3719608038
3719594187
1939904
1934784
1220032
1907392
1179840
1212625002
1842538175
2631636383
1212628781
39178858
2955046273
2631057311
1143613657
1057959962
3719533045
638275101
3719758599
12889586
39179114
3714689859
1700302381
3719819214
1700302373
1061057577
3545785231
3718627641
3675019757
299136
3715487819
2618509323
3718641056
1151922630
3719277514
3359288402
638274844
870960170
1837167551
2618507553
27349976
3168311796
1168882
8636111
3716186314
1151550406
491324
12786718
642444718
1152182726
3719912138
858463
3720326150
8868213
12621086
487557
879794
8705553
3709414454
1831730363
1666742065
16150775
7337162
7310282
422997
8699948
1060515098
1061067616
595369986
7333834
3715143381
13169170
63312
366901
1845459059
1669302065
1854373
47383357
528804
9924826
1837760
9263311
2487647
687663
1845088447
1220752791
436438
1842184127
1668311345
1704736219
10019358
1843910591
2418589
1704725979
8868811
935569768
1143614366
3714808306
8705917
23121668
3718619015
8596943
1785439
2078560
39178090
2352958193
9837786
642351534
1831670009
863741939
1143611436
75
2709388124
3719701024
312680
1143615366
490343
8868745
1831620270
485541
2772479858
3719488953
8868038
483223
1061044861
3719433146
15764864
3719600398
15513099
3719680261
3719432850
15513204
10407
3719821941
3720339898
490293
3719484232
1666098881
1402371181
434158
1831699491
3719462226
1212627994
3717432205
495188
430280
431368
8867899
3720324301
510389
1666072881
2538463710
